    0.04118696
   -0.05675936
   -0.01299777
   -0.06252191
   -0.01297946
   -0.05623727
   -0.06252394
   -0.01296145
   -0.05630547
   -0.06253537
   -0.05251236
   -0.06395438
    0.03436330
   -0.04007624
    0.01138809
   -0.03908010
   -0.03532067
   -0.03709361
   -0.03557355
   -0.09499875
    0.03107617
    0.03105843
    0.02385183
    0.03188198
    0.03030306
    0.02423977
    0.03140165
    0.03122514
    0.03039610
    0.03197136
    0.02414508
    0.03139707
    0.03116585
    0.03189177
    0.03029268
    0.03288231
    0.03687928
    0.03369191
    0.03339529
    0.03680737
    0.04373458
    0.04380465
