           1           2  0.96717610835782164     
           2           3  0.99625473530670061     
           3           4  0.99799455554518623     
           4           5  0.99799937152942175     
           1           6  0.96445279886788071     
           5           6  0.99602739322851419     
           5           7  0.99798952129162988     
           7           8  0.99798860811684931     
           1           9  0.96483906880237147     
           8           9  0.99605841289468011     
           3          10  0.99799720533125291     
           8          10  0.99799882038452892     
           1          11   1.0323447089811844     
          11          12   2.7336032377122783     
          12          13   1.1090454363143603     
          13          14   1.3778755885663880     
          14          15   1.3903379679739851     
          15          16   1.3665350216024801     
          16          17   1.4509983815995846     
          13          18   1.3578186706226274     
          17          18   1.4437421827112376     
          15          19   1.0887212710015426     
          19          20   1.9029616496983048     
           2          21  0.97595015438346899     
           2          22  0.97594293495889506     
           3          23  0.96745994299747906     
           4          24  0.97584485543907318     
           4          25  0.97597725200614915     
           5          26  0.96724280479107483     
           6          27  0.97591282867475782     
           6          28  0.97596669637057620     
           7          29  0.97597001104052572     
           7          30  0.97584342211038211     
           8          31  0.96727631867976283     
           9          32  0.97590798480750973     
           9          33  0.97597230015828740     
          10          34  0.97584380826281358     
          10          35  0.97597857095087248     
          14          36  0.96829586854604321     
          16          37  0.96600627229779001     
          17          38  0.96987497883988216     
          18          39  0.97107932819977394     
          19          40  0.96433157258895086     
          20          41  0.97755140148813680     
          20          42  0.97223834552889976     
